symbol,prototype,gate,leverage_mode,stress_case,trade_id,event_id,entry_time,exit_time,entry_price,exit_price,min_trade_price,liquidation_price,leverage,net_pnl,trade_return,equity_before,equity_after,liquidation,risk_event,reason
BNBUSDT,P6_MOMENTUM_OR_BREAKOUT_TOP20,G3_STRICT_CONSENSUS,adaptive_3x_8x_v1,base,1,BNBUSDT_2024-01-02T00:15:00+00:00,2024-01-02 00:16:00+00:00,2024-01-02 14:15:00+00:00,312.96257999999995,316.45669599999997,312.17,210.20653289999998,3.0,30.47718703622669,0.03047718703622669,1000.0,1030.4771870362267,False,,default_3x
BNBUSDT,P6_MOMENTUM_OR_BREAKOUT_TOP20,G3_STRICT_CONSENSUS,adaptive_3x_8x_v1,base,2,BNBUSDT_2024-01-03T06:15:00+00:00,2024-01-03 06:16:00+00:00,2024-01-03 12:00:00+00:00,318.203628,298.270334,315.41,280.01919263999997,8.0,-524.4047288262221,-0.5088950395248163,1030.4771870362267,506.0724582100046,False,,all_raise_conditions_met
BNBUSDT,P6_MOMENTUM_OR_BREAKOUT_TOP20,G3_STRICT_CONSENSUS,adaptive_3x_8x_v1,base,3,BNBUSDT_2024-01-11T08:45:00+00:00,2024-01-11 08:46:00+00:00,2024-01-11 15:30:00+00:00,312.27244199999996,308.278332,310.43,1.561362210000027,1.0,-6.975738492743145,-0.013784070600120322,506.0724582100046,499.09671971726146,False,,drawdown_gt_20pct
BNBUSDT,P6_MOMENTUM_OR_BREAKOUT_TOP20,G3_STRICT_CONSENSUS,adaptive_3x_8x_v1,base,4,BNBUSDT_2024-01-15T03:15:00+00:00,2024-01-15 03:16:00+00:00,2024-01-15 21:45:00+00:00,308.381664,314.78703,307.9,1.5419083200000046,1.0,9.86241008701976,0.019760518747962964,499.09671971726146,508.95912980428125,False,,drawdown_gt_20pct
BNBUSDT,P6_MOMENTUM_OR_BREAKOUT_TOP20,G3_STRICT_CONSENSUS,adaptive_3x_8x_v1,base,5,BNBUSDT_2024-01-21T19:15:00+00:00,2024-01-21 19:16:00+00:00,2024-01-21 23:15:00+00:00,319.103808,318.456296,319.0,1.5955190399999992,1.0,-1.5412011690023968,-0.0030281432805715877,508.95912980428125,507.4179286352788,False,,drawdown_gt_20pct
BNBUSDT,P6_MOMENTUM_OR_BREAKOUT_TOP20,G3_STRICT_CONSENSUS,adaptive_3x_8x_v1,base,6,BNBUSDT_2024-01-27T03:15:00+00:00,2024-01-27 03:16:00+00:00,2024-01-27 07:15:00+00:00,305.07100199999996,303.27933199999995,303.52,1.5253550099999984,1.0,-3.48597345013934,-0.006870024201775857,507.4179286352788,503.9319551851395,False,,drawdown_gt_20pct
BNBUSDT,P6_MOMENTUM_OR_BREAKOUT_TOP20,G3_STRICT_CONSENSUS,adaptive_3x_8x_v1,base,7,BNBUSDT_2024-01-28T04:45:00+00:00,2024-01-28 04:46:00+00:00,2024-01-28 15:44:00+00:00,307.181424,304.9561348580571,304.73,1.5359071199999903,1.0,-4.152699502396788,-0.008240595698820347,503.9319551851395,499.7792556827427,False,,drawdown_gt_20pct
BNBUSDT,P6_MOMENTUM_OR_BREAKOUT_TOP20,G3_STRICT_CONSENSUS,adaptive_3x_8x_v1,base,8,BNBUSDT_2024-02-08T02:30:00+00:00,2024-02-08 02:31:00+00:00,2024-02-10 07:00:00+00:00,309.51189,323.105366,309.33,1.5475594499999943,1.0,21.439088581551296,0.042897115752160625,499.7792556827427,521.218344264294,False,,drawdown_gt_20pct
BNBUSDT,P6_MOMENTUM_OR_BREAKOUT_TOP20,G3_STRICT_CONSENSUS,adaptive_3x_8x_v1,base,9,BNBUSDT_2024-02-20T05:30:00+00:00,2024-02-20 05:31:00+00:00,2024-02-20 15:15:00+00:00,355.901166,350.12996,352.0,1.779505830000005,1.0,-8.968941177828427,-0.017207646807765747,521.218344264294,512.2494030864656,False,,drawdown_gt_20pct
BNBUSDT,P6_MOMENTUM_OR_BREAKOUT_TOP20,G3_STRICT_CONSENSUS,adaptive_3x_8x_v1,base,10,BNBUSDT_2024-02-21T07:45:00+00:00,2024-02-21 07:46:00+00:00,2024-02-22 13:30:00+00:00,353.02058999999997,377.314522,352.12,1.7651029500000277,1.0,34.72175745623127,0.06778291443000546,512.2494030864656,546.9711605426969,False,,drawdown_gt_20pct
BNBUSDT,P6_MOMENTUM_OR_BREAKOUT_TOP20,G3_STRICT_CONSENSUS,adaptive_3x_8x_v1,base,11,BNBUSDT_2024-02-26T13:00:00+00:00,2024-02-26 13:01:00+00:00,2024-02-27 02:15:00+00:00,390.138012,398.380308,390.05,1.9506900599999994,1.0,11.002900733386229,0.020116052777753964,546.9711605426969,557.9740612760831,False,,drawdown_gt_20pct
BNBUSDT,P6_MOMENTUM_OR_BREAKOUT_TOP20,G3_STRICT_CONSENSUS,adaptive_3x_8x_v1,base,12,BNBUSDT_2024-03-02T03:45:00+00:00,2024-03-02 03:46:00+00:00,2024-03-02 07:15:00+00:00,410.892162,407.798424,408.31,2.0544608100000232,1.0,-4.757037959715547,-0.008525553945708931,557.9740612760831,553.2170233163675,False,,drawdown_gt_20pct
BNBUSDT,P6_MOMENTUM_OR_BREAKOUT_TOP20,G3_STRICT_CONSENSUS,adaptive_3x_8x_v1,base,13,BNBUSDT_2024-03-08T12:15:00+00:00,2024-03-08 12:16:00+00:00,2024-03-08 15:32:00+00:00,474.154812,467.9197807518857,462.0,2.370774059999974,1.0,-7.824261579651363,-0.01414320465546649,553.2170233163675,545.3927617367162,False,,drawdown_gt_20pct
BNBUSDT,P6_MOMENTUM_OR_BREAKOUT_TOP20,G3_STRICT_CONSENSUS,adaptive_3x_8x_v1,base,14,BNBUSDT_2024-03-10T07:45:00+00:00,2024-03-10 07:46:00+00:00,2024-03-10 22:15:00+00:00,499.159812,523.14535,498.66,2.4957990600000244,1.0,25.648619111469102,0.04702779521641462,545.3927617367162,571.0413808481853,False,,drawdown_gt_20pct
BNBUSDT,P6_MOMENTUM_OR_BREAKOUT_TOP20,G3_STRICT_CONSENSUS,adaptive_3x_8x_v1,base,15,BNBUSDT_2024-03-13T06:45:00+00:00,2024-03-13 06:46:00+00:00,2024-03-14 13:00:00+00:00,546.119202,599.760024,546.0,2.7305960099999993,1.0,55.48963802404738,0.09717270916798869,571.0413808481853,626.5310188722327,False,,drawdown_gt_20pct
BNBUSDT,P6_MOMENTUM_OR_BREAKOUT_TOP20,G3_STRICT_CONSENSUS,adaptive_3x_8x_v1,base,16,BNBUSDT_2024-03-15T23:30:00+00:00,2024-03-15 23:31:00+00:00,2024-03-16 11:15:00+00:00,617.183412,603.799216,606.35,3.0859170600000425,1.0,-14.206645109312682,-0.02267508659808241,626.5310188722327,612.32437376292,False,,drawdown_gt_20pct
BNBUSDT,P6_MOMENTUM_OR_BREAKOUT_TOP20,G3_STRICT_CONSENSUS,adaptive_3x_8x_v1,base,17,BNBUSDT_2024-03-25T04:45:00+00:00,2024-03-25 04:46:00+00:00,2024-03-25 13:15:00+00:00,582.2364239999999,576.154746,576.6,2.911182120000035,1.0,-7.005084324042631,-0.011440152677565735,612.32437376292,605.3192894388774,False,,drawdown_gt_20pct
BNBUSDT,P6_MOMENTUM_OR_BREAKOUT_TOP20,G3_STRICT_CONSENSUS,adaptive_3x_8x_v1,base,18,BNBUSDT_2024-03-29T04:15:00+00:00,2024-03-29 04:16:00+00:00,2024-03-29 15:30:00+00:00,587.737524,607.8384080000001,587.0,2.938687619999996,1.0,20.08651779252248,0.033183343308194266,605.3192894388774,625.4058072313999,False,,drawdown_gt_20pct
BNBUSDT,P6_MOMENTUM_OR_BREAKOUT_TOP20,G3_STRICT_CONSENSUS,adaptive_3x_8x_v1,base,19,BNBUSDT_2024-04-10T16:30:00+00:00,2024-04-10 16:31:00+00:00,2024-04-11 08:00:00+00:00,599.089794,603.739228,598.76,2.995448969999984,1.0,4.225835461664549,0.006756949508306999,625.4058072313999,629.6316426930645,False,,drawdown_gt_20pct
BNBUSDT,P6_MOMENTUM_OR_BREAKOUT_TOP20,G3_STRICT_CONSENSUS,adaptive_3x_8x_v1,base,20,BNBUSDT_2024-04-21T06:15:00+00:00,2024-04-21 06:16:00+00:00,2024-04-21 13:45:00+00:00,575.535084,572.8854,574.23,2.877675419999946,1.0,-3.526919355378792,-0.005601559890308928,629.6316426930645,626.1047233376856,False,,drawdown_gt_20pct
BNBUSDT,P6_MOMENTUM_OR_BREAKOUT_TOP20,G3_STRICT_CONSENSUS,adaptive_3x_8x_v1,base,21,BNBUSDT_2024-04-22T03:00:00+00:00,2024-04-22 03:01:00+00:00,2024-04-22 11:15:00+00:00,583.4366640000001,599.9699820000001,583.24,2.917183320000049,1.0,17.10746146543008,0.027323642240282667,626.1047233376856,643.2121848031157,False,,drawdown_gt_20pct
BNBUSDT,P6_MOMENTUM_OR_BREAKOUT_TOP20,G3_STRICT_CONSENSUS,adaptive_3x_8x_v1,base,22,BNBUSDT_2024-05-06T08:15:00+00:00,2024-05-06 08:16:00+00:00,2024-05-06 10:30:00+00:00,597.2894339999999,587.3425080000001,593.51,2.9864471700000195,1.0,-11.349554283820646,-0.017645117042200766,643.2121848031157,631.8626305192951,False,,drawdown_gt_20pct
BNBUSDT,P6_MOMENTUM_OR_BREAKOUT_TOP20,G3_STRICT_CONSENSUS,adaptive_3x_8x_v1,base,23,BNBUSDT_2024-05-09T02:15:00+00:00,2024-05-09 02:16:00+00:00,2024-05-09 10:15:00+00:00,590.5480859999999,591.08176,590.2,2.952740429999949,1.0,-0.06113848266201405,-9.675913673161445e-05,631.8626305192951,631.801492036633,False,,drawdown_gt_20pct
BNBUSDT,P6_MOMENTUM_OR_BREAKOUT_TOP20,G3_STRICT_CONSENSUS,adaptive_3x_8x_v1,base,24,BNBUSDT_2024-05-12T17:30:00+00:00,2024-05-12 17:31:00+00:00,2024-05-13 01:30:00+00:00,594.678912,590.941788,592.19,2.9733945599999743,1.0,-4.600228673907753,-0.007281129804044564,631.801492036633,627.2012633627253,False,,drawdown_gt_20pct
BNBUSDT,P6_MOMENTUM_OR_BREAKOUT_TOP20,G3_STRICT_CONSENSUS,adaptive_3x_8x_v1,base,25,BNBUSDT_2024-05-17T15:15:00+00:00,2024-05-17 15:16:00+00:00,2024-05-18 01:00:00+00:00,581.486274,578.454286,577.04,2.9074313700000403,1.0,-3.8959213617300765,-0.006211596802025211,627.2012633627253,623.3053420009952,False,,drawdown_gt_20pct
BNBUSDT,P6_MOMENTUM_OR_BREAKOUT_TOP20,G3_STRICT_CONSENSUS,adaptive_3x_8x_v1,base,26,BNBUSDT_2024-05-20T21:45:00+00:00,2024-05-20 21:46:00+00:00,2024-05-21 19:15:00+00:00,590.5480859999999,610.997776,589.32,2.952740429999949,1.0,20.949921497235252,0.033611009060149855,623.3053420009952,644.2552634982304,False,,drawdown_gt_20pct
BNBUSDT,P6_MOMENTUM_OR_BREAKOUT_TOP20,G3_STRICT_CONSENSUS,adaptive_3x_8x_v1,base,27,BNBUSDT_2024-05-27T15:00:00+00:00,2024-05-27 15:01:00+00:00,2024-05-27 19:45:00+00:00,607.1214,602.369502,606.77,3.0356070000000273,1.0,-5.684276222169181,-0.008823018676330605,644.2552634982304,638.5709872760613,False,,drawdown_gt_20pct
BNBUSDT,P6_MOMENTUM_OR_BREAKOUT_TOP20,G3_STRICT_CONSENSUS,adaptive_3x_8x_v1,base,28,BNBUSDT_2024-06-01T20:15:00+00:00,2024-06-01 20:16:00+00:00,2024-06-02 07:15:00+00:00,599.2898339999999,601.0697620000001,599.14,2.9964491700000053,1.0,1.2570761780824684,0.001968577030793008,638.5709872760613,639.8280634541437,False,,drawdown_gt_20pct
BNBUSDT,P6_MOMENTUM_OR_BREAKOUT_TOP20,G3_STRICT_CONSENSUS,adaptive_3x_8x_v1,base,29,BNBUSDT_2024-06-03T00:45:00+00:00,2024-06-03 00:46:00+00:00,2024-06-04 08:45:00+00:00,602.000376,628.0743600000001,601.81,3.0100018800000043,1.0,27.05870157319474,0.0422905826092044,639.8280634541437,666.8867650273385,False,,drawdown_gt_20pct
BNBUSDT,P6_MOMENTUM_OR_BREAKOUT_TOP20,G3_STRICT_CONSENSUS,adaptive_3x_8x_v1,base,30,BNBUSDT_2024-06-04T10:00:00+00:00,2024-06-04 10:01:00+00:00,2024-06-05 18:30:00+00:00,626.355246,693.9011919999999,626.22,3.131776230000014,1.0,71.2140066376631,0.10678575490209907,666.8867650273385,738.1007716650016,False,,drawdown_gt_20pct
BNBUSDT,P6_MOMENTUM_OR_BREAKOUT_TOP20,G3_STRICT_CONSENSUS,adaptive_3x_8x_v1,base,31,BNBUSDT_2024-06-26T01:30:00+00:00,2024-06-26 01:31:00+00:00,2024-06-26 06:30:00+00:00,578.305638,575.554866,575.75,2.891528190000031,1.0,-4.24719981732676,-0.00575422758026111,738.1007716650016,733.8535718476749,False,,drawdown_gt_20pct
BNBUSDT,P6_MOMENTUM_OR_BREAKOUT_TOP20,G3_STRICT_CONSENSUS,adaptive_3x_8x_v1,base,32,BNBUSDT_2024-06-30T22:15:00+00:00,2024-06-30 22:16:00+00:00,2024-07-01 06:30:00+00:00,579.055788,584.33311,578.81,2.8952789400000256,1.0,5.950899933613511,0.008109110811616697,733.8535718476749,739.8044717812884,False,,drawdown_gt_20pct
BNBUSDT,P6_MOMENTUM_OR_BREAKOUT_TOP20,G3_STRICT_CONSENSUS,adaptive_3x_8x_v1,base,33,BNBUSDT_2024-07-10T04:15:00+00:00,2024-07-10 04:16:00+00:00,2024-07-10 21:00:00+00:00,520.114002,521.465686,519.13,2.600570009999956,1.0,1.1818547661128391,0.00159752314455087,739.8044717812884,740.9863265474012,False,,drawdown_gt_20pct
BNBUSDT,P6_MOMENTUM_OR_BREAKOUT_TOP20,G3_STRICT_CONSENSUS,adaptive_3x_8x_v1,base,34,BNBUSDT_2024-07-17T01:00:00+00:00,2024-07-17 01:01:00+00:00,2024-07-17 13:15:00+00:00,578.845746,573.725232,574.03,2.894228730000009,1.0,-7.292530964598625,-0.009841653892019719,740.9863265474012,733.6937955828025,False,,drawdown_gt_20pct
BNBUSDT,P6_MOMENTUM_OR_BREAKOUT_TOP20,G3_STRICT_CONSENSUS,adaptive_3x_8x_v1,base,35,BNBUSDT_2024-07-19T15:30:00+00:00,2024-07-19 15:31:00+00:00,2024-07-20 00:30:00+00:00,579.105798,590.271922,578.25,2.8955289900000025,1.0,13.406070768747199,0.018272024173379055,733.6937955828025,747.0998663515497,False,,drawdown_gt_20pct
BNBUSDT,P6_MOMENTUM_OR_BREAKOUT_TOP20,G3_STRICT_CONSENSUS,adaptive_3x_8x_v1,base,36,BNBUSDT_2024-07-21T14:30:00+00:00,2024-07-21 14:31:00+00:00,2024-07-21 17:52:00+00:00,596.579292,591.9780155701715,590.6,2.9828964600000063,1.0,-6.506425148578334,-0.008708909533543831,747.0998663515497,740.5934412029713,False,,drawdown_gt_20pct
BNBUSDT,P6_MOMENTUM_OR_BREAKOUT_TOP20,G3_STRICT_CONSENSUS,adaptive_3x_8x_v1,base,37,BNBUSDT_2024-07-29T02:45:00+00:00,2024-07-29 02:46:00+00:00,2024-07-29 12:30:00+00:00,591.328242,592.021572,590.86,2.9566412100000434,1.0,0.12731523677274031,0.00017190975465018675,740.5934412029713,740.720756439744,False,,drawdown_gt_20pct
BNBUSDT,P6_MOMENTUM_OR_BREAKOUT_TOP20,G3_STRICT_CONSENSUS,adaptive_3x_8x_v1,base,38,BNBUSDT_2024-08-08T16:00:00+00:00,2024-08-08 16:01:00+00:00,2024-08-09 04:45:00+00:00,498.909762,509.49808,498.72,2.494548810000026,1.0,14.971670585635012,0.0202123005943508,740.720756439744,755.6924270253791,False,,drawdown_gt_20pct
BNBUSDT,P6_MOMENTUM_OR_BREAKOUT_TOP20,G3_STRICT_CONSENSUS,adaptive_3x_8x_v1,base,39,BNBUSDT_2024-08-10T18:30:00+00:00,2024-08-10 18:31:00+00:00,2024-08-11 11:00:00+00:00,519.893958,526.724634,519.3,2.5994697899999437,1.0,9.168079719604773,0.012132025400456836,755.6924270253791,764.8605067449838,False,,drawdown_gt_20pct
BNBUSDT,P6_MOMENTUM_OR_BREAKOUT_TOP20,G3_STRICT_CONSENSUS,adaptive_3x_8x_v1,base,40,BNBUSDT_2024-08-20T00:15:00+00:00,2024-08-20 00:16:00+00:00,2024-08-20 15:00:00+00:00,560.1520079999999,562.097558,559.71,2.80076004,1.0,1.890365754120908,0.0024715170118610724,764.8605067449838,766.7508724991047,False,,drawdown_gt_20pct
BNBUSDT,P6_MOMENTUM_OR_BREAKOUT_TOP20,G3_STRICT_CONSENSUS,adaptive_3x_8x_v1,base,41,BNBUSDT_2024-08-23T21:45:00+00:00,2024-08-23 21:46:00+00:00,2024-08-24 02:45:00+00:00,588.327642,584.3131139999999,584.65,2.941638209999951,1.0,-5.99615631873986,-0.007820214536171736,766.7508724991047,760.7547161803649,False,,drawdown_gt_20pct
BNBUSDT,P6_MOMENTUM_OR_BREAKOUT_TOP20,G3_STRICT_CONSENSUS,adaptive_3x_8x_v1,base,42,BNBUSDT_2024-09-03T02:00:00+00:00,2024-09-03 02:01:00+00:00,2024-09-03 13:30:00+00:00,533.6066999999999,529.59406,531.59,2.6680334999999786,1.0,-6.4786523492718375,-0.008516085686330251,760.7547161803649,754.2760638310931,False,,drawdown_gt_20pct
BNBUSDT,P6_MOMENTUM_OR_BREAKOUT_TOP20,G3_STRICT_CONSENSUS,adaptive_3x_8x_v1,base,43,BNBUSDT_2024-09-08T07:30:00+00:00,2024-09-08 07:31:00+00:00,2024-09-08 12:45:00+00:00,500.970174,497.890402,498.85,2.5048508699999843,1.0,-5.388956775394528,-0.007144541678842524,754.2760638310931,748.8871070556986,False,,drawdown_gt_20pct
BNBUSDT,P6_MOMENTUM_OR_BREAKOUT_TOP20,G3_STRICT_CONSENSUS,adaptive_3x_8x_v1,base,44,BNBUSDT_2024-09-11T17:45:00+00:00,2024-09-11 17:46:00+00:00,2024-09-12 15:15:00+00:00,533.05659,538.9821820000001,528.06,2.6652829500000053,1.0,7.571769149622778,0.01011069502770813,748.8871070556986,756.4588762053214,False,,drawdown_gt_20pct
BNBUSDT,P6_MOMENTUM_OR_BREAKOUT_TOP20,G3_STRICT_CONSENSUS,adaptive_3x_8x_v1,base,45,BNBUSDT_2024-09-15T13:00:00+00:00,2024-09-15 13:01:00+00:00,2024-09-15 23:30:00+00:00,557.46147,552.419494,553.66,2.787307349999992,1.0,-7.594851626586397,-0.01004000596130882,756.4588762053214,748.864024578735,False,,drawdown_gt_20pct
BNBUSDT,P6_MOMENTUM_OR_BREAKOUT_TOP20,G3_STRICT_CONSENSUS,adaptive_3x_8x_v1,base,46,BNBUSDT_2024-09-18T23:00:00+00:00,2024-09-18 23:01:00+00:00,2024-09-19 08:15:00+00:00,552.5504880000001,554.9789820000001,552.44,2.7627524399999857,1.0,2.5407946113033457,0.003392865096881428,748.864024578735,751.4048191900383,False,,drawdown_gt_20pct
BNBUSDT,P6_MOMENTUM_OR_BREAKOUT_TOP20,G3_STRICT_CONSENSUS,adaptive_3x_8x_v1,base,47,BNBUSDT_2024-09-19T12:00:00+00:00,2024-09-19 12:01:00+00:00,2024-09-19 21:30:00+00:00,558.751728,564.5970580000001,558.04,2.7937586399999645,1.0,7.105417463765491,0.00945617765856843,751.4048191900383,758.5102366538038,False,,drawdown_gt_20pct
BNBUSDT,P6_MOMENTUM_OR_BREAKOUT_TOP20,G3_STRICT_CONSENSUS,adaptive_3x_8x_v1,base,48,BNBUSDT_2024-09-22T20:00:00+00:00,2024-09-22 20:01:00+00:00,2024-09-22 21:59:00+00:00,586.777332,580.4940671050286,580.2,2.9338866599999847,1.0,-8.876645553564849,-0.01170273666012011,758.5102366538038,749.633591100239,False,,drawdown_gt_20pct
BNBUSDT,P6_MOMENTUM_OR_BREAKOUT_TOP20,G3_STRICT_CONSENSUS,adaptive_3x_8x_v1,base,49,BNBUSDT_2024-09-28T02:45:00+00:00,2024-09-28 02:46:00+00:00,2024-09-28 06:00:00+00:00,609.091794,602.119552,605.0,3.045458970000027,1.0,-9.326359704530212,-0.012441224373152612,749.633591100239,740.3072313957088,False,,drawdown_gt_20pct
BNBUSDT,P6_MOMENTUM_OR_BREAKOUT_TOP20,G3_STRICT_CONSENSUS,adaptive_3x_8x_v1,base,50,BNBUSDT_2024-10-04T12:45:00+00:00,2024-10-04 12:46:00+00:00,2024-10-04 14:00:00+00:00,552.100398,549.29012,550.58,2.760501989999966,1.0,-4.506703522002046,-0.006087612454501508,740.3072313957088,735.8005278737068,False,,drawdown_gt_20pct
BNBUSDT,P6_MOMENTUM_OR_BREAKOUT_TOP20,G3_STRICT_CONSENSUS,adaptive_3x_8x_v1,base,51,BNBUSDT_2024-10-07T00:30:00+00:00,2024-10-07 00:31:00+00:00,2024-10-07 09:15:00+00:00,569.36385,570.9757820000001,568.57,2.846819249999953,1.0,1.3462905397070208,0.0018296949902951128,735.8005278737068,737.1468184134138,False,,drawdown_gt_20pct
BNBUSDT,P6_MOMENTUM_OR_BREAKOUT_TOP20,G3_STRICT_CONSENSUS,adaptive_3x_8x_v1,base,52,BNBUSDT_2024-10-14T14:15:00+00:00,2024-10-14 14:16:00+00:00,2024-10-15 03:15:00+00:00,584.9669700000001,587.772422,583.66,2.9248348500000247,1.0,2.79637918734295,0.0037935172715819246,737.1468184134138,739.9431976007568,False,,drawdown_gt_20pct
BNBUSDT,P6_MOMENTUM_OR_BREAKOUT_TOP20,G3_STRICT_CONSENSUS,adaptive_3x_8x_v1,base,53,BNBUSDT_2024-10-20T22:15:00+00:00,2024-10-20 22:16:00+00:00,2024-10-21 12:30:00+00:00,601.27023,604.1991360000001,601.15,3.0063511500000004,1.0,2.862664001289762,0.0038687618327621132,739.9431976007568,742.8058616020465,False,,drawdown_gt_20pct
BNBUSDT,P6_MOMENTUM_OR_BREAKOUT_TOP20,G3_STRICT_CONSENSUS,adaptive_3x_8x_v1,base,54,BNBUSDT_2024-10-28T07:00:00+00:00,2024-10-28 07:01:00+00:00,2024-10-28 15:15:00+00:00,588.607698,591.391698,588.49,2.943038490000049,1.0,2.7687648160562355,0.0037274407206274625,742.8058616020465,745.5746264181028,False,,drawdown_gt_20pct
BNBUSDT,P6_MOMENTUM_OR_BREAKOUT_TOP20,G3_STRICT_CONSENSUS,adaptive_3x_8x_v1,base,55,BNBUSDT_2024-10-28T21:00:00+00:00,2024-10-28 21:01:00+00:00,2024-10-29 20:15:00+00:00,596.1592079999999,601.989578,596.04,2.980796039999973,1.0,6.542415541909712,0.00877499757917038,745.5746264181028,752.1170419600124,False,,drawdown_gt_20pct
BNBUSDT,P6_MOMENTUM_OR_BREAKOUT_TOP20,G3_STRICT_CONSENSUS,adaptive_3x_8x_v1,base,56,BNBUSDT_2024-11-06T02:15:00+00:00,2024-11-06 02:16:00+00:00,2024-11-07 06:30:00+00:00,575.6551079999999,592.5914580000001,575.5,2.878275540000004,1.0,21.364855825877008,0.02840629135353764,752.1170419600124,773.4818977858895,False,,drawdown_gt_20pct
BNBUSDT,P6_MOMENTUM_OR_BREAKOUT_TOP20,G3_STRICT_CONSENSUS,adaptive_3x_8x_v1,base,57,BNBUSDT_2024-11-09T00:30:00+00:00,2024-11-09 00:31:00+00:00,2024-11-09 10:15:00+00:00,602.110398,625.9247899999999,601.04,3.0105519899999535,1.0,29.80362020736265,0.03853176175509243,773.4818977858895,803.2855179932521,False,,drawdown_gt_20pct
BNBUSDT,P6_MOMENTUM_OR_BREAKOUT_TOP20,G3_STRICT_CONSENSUS,adaptive_3x_8x_v1,base,58,BNBUSDT_2024-11-11T23:30:00+00:00,2024-11-11 23:31:00+00:00,2024-11-12 09:45:00+00:00,644.748924,636.612652,633.51,3.2237446200000477,1.0,-10.93510792227529,-0.01361297779847084,803.2855179932521,792.3504100709769,False,,drawdown_gt_20pct
BNBUSDT,P6_MOMENTUM_OR_BREAKOUT_TOP20,G3_STRICT_CONSENSUS,adaptive_3x_8x_v1,base,59,BNBUSDT_2024-11-14T07:30:00+00:00,2024-11-14 07:31:00+00:00,2024-11-14 22:30:00+00:00,624.7849319999999,631.32371,618.8,3.1239246599999433,1.0,7.495962356006303,0.009460413297867584,792.3504100709769,799.8463724269832,False,,drawdown_gt_20pct
BNBUSDT,P6_MOMENTUM_OR_BREAKOUT_TOP20,G3_STRICT_CONSENSUS,adaptive_3x_8x_v1,base,60,BNBUSDT_2024-11-16T11:45:00+00:00,2024-11-16 11:46:00+00:00,2024-11-16 15:30:00+00:00,625.855146,622.565462,623.22,3.1292757300000176,1.0,-5.001978782350708,-0.006253674398963823,799.8463724269832,794.8443936446324,False,,drawdown_gt_20pct
BNBUSDT,P6_MOMENTUM_OR_BREAKOUT_TOP20,G3_STRICT_CONSENSUS,adaptive_3x_8x_v1,base,61,BNBUSDT_2024-11-17T07:15:00+00:00,2024-11-17 07:16:00+00:00,2024-11-17 16:07:00+00:00,638.007576,621.9617301990857,621.18,3.190037879999977,1.0,-20.77513002093465,-0.02613735491757525,794.8443936446324,774.0692636236978,False,,drawdown_gt_20pct
BNBUSDT,P6_MOMENTUM_OR_BREAKOUT_TOP20,G3_STRICT_CONSENSUS,adaptive_3x_8x_v1,base,62,BNBUSDT_2024-11-22T00:15:00+00:00,2024-11-22 00:16:00+00:00,2024-11-22 07:45:00+00:00,623.57469,627.52447,623.11,3.1178734500000473,1.0,4.126505829357559,0.005330925827024697,774.0692636236978,778.1957694530554,False,,drawdown_gt_20pct
BNBUSDT,P6_MOMENTUM_OR_BREAKOUT_TOP20,G3_STRICT_CONSENSUS,adaptive_3x_8x_v1,base,63,BNBUSDT_2024-11-23T07:15:00+00:00,2024-11-23 07:16:00+00:00,2024-11-23 16:15:00+00:00,653.710716,657.128548,653.51,3.2685535800000025,1.0,3.2884539990658164,0.004225741295634468,778.1957694530554,781.4842234521212,False,,drawdown_gt_20pct
BNBUSDT,P6_MOMENTUM_OR_BREAKOUT_TOP20,G3_STRICT_CONSENSUS,adaptive_3x_8x_v1,base,64,BNBUSDT_2024-11-28T00:45:00+00:00,2024-11-28 00:46:00+00:00,2024-11-28 14:15:00+00:00,647.4394619999999,651.459682,643.62,3.237197310000056,1.0,4.068648985688548,0.0052063098186624105,781.4842234521212,785.5528724378098,False,,drawdown_gt_20pct
BNBUSDT,P6_MOMENTUM_OR_BREAKOUT_TOP20,G3_STRICT_CONSENSUS,adaptive_3x_8x_v1,base,65,BNBUSDT_2024-11-30T07:00:00+00:00,2024-11-30 07:01:00+00:00,2024-11-30 14:45:00+00:00,660.1420019999999,654.869,657.47,3.300710009999989,1.0,-7.057159199551211,-0.008983684545192607,785.5528724378098,778.4957132382586,False,,drawdown_gt_20pct
BNBUSDT,P6_MOMENTUM_OR_BREAKOUT_TOP20,G3_STRICT_CONSENSUS,adaptive_3x_8x_v1,base,66,BNBUSDT_2024-12-03T18:15:00+00:00,2024-12-03 18:16:00+00:00,2024-12-04 14:00:00+00:00,668.543682,767.636442,667.2,3.342718409999975,1.0,114.55385923153722,0.14714770715311312,778.4957132382586,893.0495724697959,False,,drawdown_gt_20pct
BNBUSDT,P6_MOMENTUM_OR_BREAKOUT_TOP20,G3_STRICT_CONSENSUS,adaptive_3x_8x_v1,base,67,BNBUSDT_2024-12-07T15:45:00+00:00,2024-12-07 15:46:00+00:00,2024-12-07 22:30:00+00:00,747.989568,750.99977,747.04,377.73473184,2.0,5.398267039544935,0.006044756311360881,893.0495724697959,898.4478395093408,False,,drawdown_gt_10pct
BNBUSDT,P6_MOMENTUM_OR_BREAKOUT_TOP20,G3_STRICT_CONSENSUS,adaptive_3x_8x_v1,base,68,BNBUSDT_2024-12-17T14:00:00+00:00,2024-12-17 14:01:00+00:00,2024-12-17 23:00:00+00:00,724.874946,716.5766560000001,719.24,366.06184773,2.0,-22.35727777770102,-0.024884335845151286,898.4478395093408,876.0905617316398,False,,drawdown_gt_10pct
BNBUSDT,P6_MOMENTUM_OR_BREAKOUT_TOP20,G3_STRICT_CONSENSUS,adaptive_3x_8x_v1,base,69,BNBUSDT_2024-12-21T05:45:00+00:00,2024-12-21 05:46:00+00:00,2024-12-21 09:00:00+00:00,688.267626,679.784016,682.59,347.57515113,2.0,-23.338826098355504,-0.026639741503692343,876.0905617316398,852.7517356332843,False,,drawdown_gt_10pct
BNBUSDT,P6_MOMENTUM_OR_BREAKOUT_TOP20,G3_STRICT_CONSENSUS,adaptive_3x_8x_v1,base,70,BNBUSDT_2024-12-28T14:00:00+00:00,2024-12-28 14:01:00+00:00,2024-12-28 22:00:00+00:00,710.662104,723.025366,709.44,358.88436252,2.0,27.950001367710197,0.03277624682517182,852.7517356332843,880.7017370009945,False,,drawdown_gt_10pct
BNBUSDT,P6_MOMENTUM_OR_BREAKOUT_TOP20,G3_STRICT_CONSENSUS,adaptive_3x_8x_v1,base,71,BNBUSDT_2025-01-06T15:45:00+00:00,2025-01-06 15:46:00+00:00,2025-01-07 00:45:00+00:00,722.6445,726.634644,721.79,364.9354725,2.0,7.959475016897043,0.009037651094002617,880.7017370009945,888.6612120178916,False,,drawdown_gt_10pct
BNBUSDT,P6_MOMENTUM_OR_BREAKOUT_TOP20,G3_STRICT_CONSENSUS,adaptive_3x_8x_v1,base,72,BNBUSDT_2025-02-08T13:15:00+00:00,2025-02-08 13:16:00+00:00,2025-02-08 23:30:00+00:00,587.197416,613.3773,586.87,296.53469508,2.0,77.4240306085016,0.08712435015892514,888.6612120178916,966.0852426263932,False,,drawdown_gt_10pct
BNBUSDT,P6_MOMENTUM_OR_BREAKOUT_TOP20,G3_STRICT_CONSENSUS,adaptive_3x_8x_v1,base,73,BNBUSDT_2025-02-09T08:15:00+00:00,2025-02-09 08:16:00+00:00,2025-02-09 12:08:00+00:00,638.1276,625.0704180514286,617.91,322.254438,2.0,-41.447915033544206,-0.04290295846033645,966.0852426263932,924.637327592849,False,,atr_pct_rank_gt_80pct
BNBUSDT,P6_MOMENTUM_OR_BREAKOUT_TOP20,G3_STRICT_CONSENSUS,adaptive_3x_8x_v1,base,74,BNBUSDT_2025-02-11T04:30:00+00:00,2025-02-11 04:31:00+00:00,2025-02-11 13:15:00+00:00,624.7749299999999,636.642646,624.34,315.51133964999997,2.0,33.260477716816624,0.035971376802843506,924.637327592849,957.8978053096656,False,,drawdown_gt_10pct
BNBUSDT,P6_MOMENTUM_OR_BREAKOUT_TOP20,G3_STRICT_CONSENSUS,adaptive_3x_8x_v1,base,75,BNBUSDT_2025-02-12T16:30:00+00:00,2025-02-12 16:31:00+00:00,2025-02-13 14:30:00+00:00,658.88175,694.9509820000001,655.8,332.73528375,2.0,102.90836396860475,0.10743146439858156,957.8978053096656,1060.8061692782703,False,,atr_pct_rank_gt_80pct
BNBUSDT,P6_MOMENTUM_OR_BREAKOUT_TOP20,G3_STRICT_CONSENSUS,adaptive_3x_8x_v1,base,76,BNBUSDT_2025-02-17T14:00:00+00:00,2025-02-17 14:01:00+00:00,2025-02-17 16:11:00+00:00,675.595092,667.3615929816,667.0,453.77470346000007,3.0,-41.94726264404093,-0.039542815510377506,1060.8061692782703,1018.8589066342294,False,,default_3x
BNBUSDT,P6_MOMENTUM_OR_BREAKOUT_TOP20,G3_STRICT_CONSENSUS,adaptive_3x_8x_v1,base,77,BNBUSDT_2025-03-02T16:30:00+00:00,2025-03-02 16:31:00+00:00,2025-03-03 01:45:00+00:00,618.403656,614.886998,615.26,312.29384627999997,2.0,-13.619754241992545,-0.013367654886568157,1018.8589066342294,1005.2391523922369,False,,atr_pct_rank_gt_80pct
BNBUSDT,P6_MOMENTUM_OR_BREAKOUT_TOP20,G3_STRICT_CONSENSUS,adaptive_3x_8x_v1,base,78,BNBUSDT_2025-03-15T17:00:00+00:00,2025-03-15 17:01:00+00:00,2025-03-16 03:00:00+00:00,608.981772,609.957984,608.86,409.03275686,3.0,1.816130909740149,0.001806665513791596,1005.2391523922369,1007.055283301977,False,,default_3x
BNBUSDT,P6_MOMENTUM_OR_BREAKOUT_TOP20,G3_STRICT_CONSENSUS,adaptive_3x_8x_v1,base,79,BNBUSDT_2025-03-17T02:45:00+00:00,2025-03-17 02:46:00+00:00,2025-03-17 13:00:00+00:00,619.07379,625.654844,618.95,312.63226395000004,2.0,19.386154037702447,0.01925033745331068,1007.055283301977,1026.4414373396794,False,,atr_pct_rank_gt_80pct
BNBUSDT,P6_MOMENTUM_OR_BREAKOUT_TOP20,G3_STRICT_CONSENSUS,adaptive_3x_8x_v1,base,80,BNBUSDT_2025-03-20T09:00:00+00:00,2025-03-20 09:01:00+00:00,2025-03-20 16:15:00+00:00,625.1850119999999,619.286118,620.98,419.91593306,3.0,-32.11956848916016,-0.031292158832175884,1026.4414373396794,994.3218688505192,False,,default_3x
BNBUSDT,P6_MOMENTUM_OR_BREAKOUT_TOP20,G3_STRICT_CONSENSUS,adaptive_3x_8x_v1,base,81,BNBUSDT_2025-04-09T17:15:00+00:00,2025-04-09 17:16:00+00:00,2025-04-10 00:30:00+00:00,567.023382,576.9645840000001,563.7,286.34680791,2.0,32.85934485542184,0.03304698999873021,994.3218688505192,1027.181213705941,False,,atr_pct_rank_gt_80pct
BNBUSDT,P6_MOMENTUM_OR_BREAKOUT_TOP20,G3_STRICT_CONSENSUS,adaptive_3x_8x_v1,base,82,BNBUSDT_2025-04-11T17:30:00+00:00,2025-04-11 17:31:00+00:00,2025-04-11 23:00:00+00:00,586.657308,586.852606,585.85,516.25843104,8.0,-5.483231545525019,-0.005338134569013589,1027.181213705941,1021.697982160416,False,,all_raise_conditions_met
BNBUSDT,P6_MOMENTUM_OR_BREAKOUT_TOP20,G3_STRICT_CONSENSUS,adaptive_3x_8x_v1,base,83,BNBUSDT_2025-05-12T07:00:00+00:00,2025-05-12 07:01:00+00:00,2025-05-12 18:00:00+00:00,660.502074,658.4382860000001,653.86,581.24182512,8.0,-33.699786837099644,-0.032984098457197956,1021.697982160416,987.9981953233164,False,,all_raise_conditions_met
BNBUSDT,P6_MOMENTUM_OR_BREAKOUT_TOP20,G3_STRICT_CONSENSUS,adaptive_3x_8x_v1,base,84,BNBUSDT_2025-05-21T03:00:00+00:00,2025-05-21 03:01:00+00:00,2025-05-21 08:15:00+00:00,652.010376,651.679638,651.88,437.93363588,3.0,-4.466755162519167,-0.004521015507581417,987.9981953233164,983.5314401607973,False,,default_3x
BNBUSDT,P6_MOMENTUM_OR_BREAKOUT_TOP20,G3_STRICT_CONSENSUS,adaptive_3x_8x_v1,base,85,BNBUSDT_2025-06-09T21:15:00+00:00,2025-06-09 21:16:00+00:00,2025-06-10 04:00:00+00:00,663.38265,663.26732,663.24,335.00823825000003,2.0,-2.3088685204094688,-0.00234752894125275,983.5314401607973,981.2225716403879,False,,recent_3_losses
BNBUSDT,P6_MOMENTUM_OR_BREAKOUT_TOP20,G3_STRICT_CONSENSUS,adaptive_3x_8x_v1,base,86,BNBUSDT_2025-06-23T22:00:00+00:00,2025-06-23 22:01:00+00:00,2025-06-24 10:30:00+00:00,632.756526,636.42269,632.58,319.54204563,2.0,9.402192150721069,0.00958211971724486,981.2225716403879,990.6247637911089,False,,recent_3_losses
BNBUSDT,P6_MOMENTUM_OR_BREAKOUT_TOP20,G3_STRICT_CONSENSUS,adaptive_3x_8x_v1,base,87,BNBUSDT_2025-06-29T22:15:00+00:00,2025-06-29 22:16:00+00:00,2025-06-30 06:45:00+00:00,649.8399420000001,653.279318,649.54,436.4758277100001,3.0,12.74935451578088,0.01287001393644679,990.6247637911089,1003.3741183068897,False,,default_3x
BNBUSDT,P6_MOMENTUM_OR_BREAKOUT_TOP20,G3_STRICT_CONSENSUS,adaptive_3x_8x_v1,base,88,BNBUSDT_2025-07-10T21:15:00+00:00,2025-07-10 21:16:00+00:00,2025-07-11 07:00:00+00:00,677.6655059999999,686.26272,677.53,455.16533153,3.0,35.15874781686472,0.035040516967083206,1003.3741183068897,1038.5328661237545,False,,default_3x
BNBUSDT,P6_MOMENTUM_OR_BREAKOUT_TOP20,G3_STRICT_CONSENSUS,adaptive_3x_8x_v1,base,89,BNBUSDT_2025-07-16T14:30:00+00:00,2025-07-16 14:31:00+00:00,2025-07-17 05:00:00+00:00,694.678908,707.5984520000001,694.29,611.31743904,8.0,146.1304248660611,0.14070852221700203,1038.5328661237545,1184.6632909898156,False,,all_raise_conditions_met
BNBUSDT,P6_MOMENTUM_OR_BREAKOUT_TOP20,G3_STRICT_CONSENSUS,adaptive_3x_8x_v1,base,90,BNBUSDT_2025-07-18T13:00:00+00:00,2025-07-18 13:01:00+00:00,2025-07-18 15:19:00+00:00,750.7301160000001,737.0205395482287,732.15,379.11870858000003,2.0,-45.61552383844669,-0.0385050538709052,1184.6632909898156,1139.0477671513688,False,,atr_pct_rank_gt_80pct
BNBUSDT,P6_MOMENTUM_OR_BREAKOUT_TOP20,G3_STRICT_CONSENSUS,adaptive_3x_8x_v1,base,91,BNBUSDT_2025-07-20T16:00:00+00:00,2025-07-20 16:01:00+00:00,2025-07-20 22:18:00+00:00,751.970364,745.5405117843428,745.25,661.73392032,8.0,-86.99041781951017,-0.07637117628267995,1139.0477671513688,1052.0573493318586,False,,all_raise_conditions_met
BNBUSDT,P6_MOMENTUM_OR_BREAKOUT_TOP20,G3_STRICT_CONSENSUS,adaptive_3x_8x_v1,base,92,BNBUSDT_2025-07-21T10:45:00+00:00,2025-07-21 10:46:00+00:00,2025-07-21 16:15:00+00:00,768.393648,765.126944,766.14,388.03879224,2.0,-11.04495271901169,-0.010498432168195133,1052.0573493318586,1041.012396612847,False,,drawdown_gt_10pct
BNBUSDT,P6_MOMENTUM_OR_BREAKOUT_TOP20,G3_STRICT_CONSENSUS,adaptive_3x_8x_v1,base,93,BNBUSDT_2025-07-22T23:15:00+00:00,2025-07-22 23:16:00+00:00,2025-07-23 08:30:00+00:00,778.875744,791.5516580000001,778.13,393.33225072000005,2.0,31.78521480742664,0.0305329839595057,1041.012396612847,1072.7976114202736,False,,drawdown_gt_10pct
BNBUSDT,P6_MOMENTUM_OR_BREAKOUT_TOP20,G3_STRICT_CONSENSUS,adaptive_3x_8x_v1,base,94,BNBUSDT_2025-07-26T22:00:00+00:00,2025-07-26 22:01:00+00:00,2025-07-27 09:45:00+00:00,791.25822,793.8112060000001,790.15,531.4617711000001,3.0,7.160524420392299,0.006674627482543051,1072.7976114202736,1079.9581358406658,False,,default_3x
BNBUSDT,P6_MOMENTUM_OR_BREAKOUT_TOP20,G3_STRICT_CONSENSUS,adaptive_3x_8x_v1,base,95,BNBUSDT_2025-07-27T15:45:00+00:00,2025-07-27 15:46:00+00:00,2025-07-28 13:30:00+00:00,801.730314,843.211324,800.83,538.49552757,3.0,164.30532591755312,0.15214045847217386,1079.9581358406658,1244.263461758219,False,,default_3x
BNBUSDT,P6_MOMENTUM_OR_BREAKOUT_TOP20,G3_STRICT_CONSENSUS,adaptive_3x_8x_v1,base,96,BNBUSDT_2025-08-04T13:30:00+00:00,2025-08-04 13:31:00+00:00,2025-08-05 01:45:00+00:00,756.991368,763.487272,756.2,666.1524038399999,8.0,75.4214992868573,0.0606153773737615,1244.263461758219,1319.6849610450763,False,,all_raise_conditions_met
BNBUSDT,P6_MOMENTUM_OR_BREAKOUT_TOP20,G3_STRICT_CONSENSUS,adaptive_3x_8x_v1,base,97,BNBUSDT_2025-08-06T17:45:00+00:00,2025-08-06 17:46:00+00:00,2025-08-06 23:00:00+00:00,771.044178,768.686232,768.93,678.51887664,8.0,-42.82738163132063,-0.03245273144387813,1319.6849610450763,1276.8575794137557,False,,all_raise_conditions_met
BNBUSDT,P6_MOMENTUM_OR_BREAKOUT_TOP20,G3_STRICT_CONSENSUS,adaptive_3x_8x_v1,base,98,BNBUSDT_2025-08-13T07:00:00+00:00,2025-08-13 07:01:00+00:00,2025-08-13 14:45:00+00:00,837.26742,846.540658,837.1,562.3646171,3.0,38.5741009939385,0.03021018288637097,1276.8575794137557,1315.4316804076943,False,,default_3x
BNBUSDT,P6_MOMENTUM_OR_BREAKOUT_TOP20,G3_STRICT_CONSENSUS,adaptive_3x_8x_v1,base,99,BNBUSDT_2025-08-20T20:30:00+00:00,2025-08-20 20:31:00+00:00,2025-08-21 03:45:00+00:00,873.12459,866.596646,867.21,440.92791795,2.0,-22.290762787894003,-0.016945587611958215,1315.4316804076943,1293.1409176198003,False,,atr_pct_rank_gt_80pct
BNBUSDT,P6_MOMENTUM_OR_BREAKOUT_TOP20,G3_STRICT_CONSENSUS,adaptive_3x_8x_v1,base,100,BNBUSDT_2025-08-22T14:00:00+00:00,2025-08-22 14:01:00+00:00,2025-08-23 00:30:00+00:00,859.801926,892.381488,854.34,434.19997263,2.0,95.36395168861746,0.07374598575393286,1293.1409176198003,1388.5048693084177,False,,atr_pct_rank_gt_80pct
BNBUSDT,P6_MOMENTUM_OR_BREAKOUT_TOP20,G3_STRICT_CONSENSUS,adaptive_3x_8x_v1,base,101,BNBUSDT_2025-09-07T02:45:00+00:00,2025-09-07 02:46:00+00:00,2025-09-08 05:15:00+00:00,863.662698,877.494466,863.34,760.02317424,8.0,166.70095545955144,0.12005788322700038,1388.5048693084177,1555.2058247679693,False,,all_raise_conditions_met
BNBUSDT,P6_MOMENTUM_OR_BREAKOUT_TOP20,G3_STRICT_CONSENSUS,adaptive_3x_8x_v1,base,102,BNBUSDT_2025-09-16T17:00:00+00:00,2025-09-16 17:01:00+00:00,2025-09-17 04:45:00+00:00,936.067176,952.219518,935.88,628.7251198800001,3.0,75.80186466032205,0.04874072836734096,1555.2058247679693,1631.0076894282913,False,,default_3x
BNBUSDT,P6_MOMENTUM_OR_BREAKOUT_TOP20,G3_STRICT_CONSENSUS,adaptive_3x_8x_v1,base,103,BNBUSDT_2025-09-17T18:15:00+00:00,2025-09-17 18:16:00+00:00,2025-09-18 18:15:00+00:00,949.179798,989.692022,948.99,637.5324309900001,3.0,203.84312299561824,0.12497986632243918,1631.0076894282913,1834.8508124239095,False,,default_3x
BNBUSDT,P6_MOMENTUM_OR_BREAKOUT_TOP20,G3_STRICT_CONSENSUS,adaptive_3x_8x_v1,base,104,BNBUSDT_2025-10-01T08:30:00+00:00,2025-10-01 08:31:00+00:00,2025-10-03 07:15:00+00:00,1016.243208,1085.862784,1016.04,894.29402304,8.0,990.4165392707594,0.539780418421256,1834.8508124239095,2825.267351694669,False,,all_raise_conditions_met
BNBUSDT,P6_MOMENTUM_OR_BREAKOUT_TOP20,G3_STRICT_CONSENSUS,adaptive_3x_8x_v1,base,105,BNBUSDT_2025-10-03T13:15:00+00:00,2025-10-03 13:16:00+00:00,2025-10-04 01:30:00+00:00,1104.430842,1165.736806,1093.78,557.73757521,2.0,307.8487431157496,0.10896269442645629,2825.267351694669,3133.1160948104184,False,,atr_pct_rank_gt_80pct
BNBUSDT,P6_MOMENTUM_OR_BREAKOUT_TOP20,G3_STRICT_CONSENSUS,adaptive_3x_8x_v1,base,106,BNBUSDT_2025-10-06T01:15:00+00:00,2025-10-06 01:16:00+00:00,2025-10-07 01:15:00+00:00,1170.924138,1211.537644,1170.3,786.4707126900001,3.0,316.45405700412266,0.10100297832189681,3133.1160948104184,3449.570151814541,False,,default_3x
BNBUSDT,P6_MOMENTUM_OR_BREAKOUT_TOP20,G3_STRICT_CONSENSUS,adaptive_3x_8x_v1,base,107,BNBUSDT_2025-10-07T04:45:00+00:00,2025-10-07 04:46:00+00:00,2025-10-07 15:15:00+00:00,1241.238198,1274.265096,1231.36,833.6983229900001,3.0,264.8723649929201,0.07678416537016708,3449.570151814541,3714.4425168074613,False,,default_3x
BNBUSDT,P6_MOMENTUM_OR_BREAKOUT_TOP20,G3_STRICT_CONSENSUS,adaptive_3x_8x_v1,base,108,BNBUSDT_2025-10-12T11:45:00+00:00,2025-10-12 11:46:00+00:00,2025-10-13 04:15:00+00:00,1217.913534,1286.952558,1217.42,615.04633467,2.0,413.4766360334631,0.11131593345771938,3714.4425168074613,4127.919152840925,False,,atr_pct_rank_gt_80pct
BNBUSDT,P6_MOMENTUM_OR_BREAKOUT_TOP20,G3_STRICT_CONSENSUS,adaptive_3x_8x_v1,base,109,BNBUSDT_2025-10-23T08:00:00+00:00,2025-10-23 08:01:00+00:00,2025-10-23 12:00:00+00:00,1108.431642,1088.842188,1092.56,559.75797921,2.0,-154.08937003937055,-0.037328582352036344,4127.919152840925,3973.8297828015543,False,,atr_pct_rank_gt_80pct
BNBUSDT,P6_MOMENTUM_OR_BREAKOUT_TOP20,G3_STRICT_CONSENSUS,adaptive_3x_8x_v1,base,110,BNBUSDT_2025-10-23T15:00:00+00:00,2025-10-23 15:01:00+00:00,2025-10-24 07:45:00+00:00,1085.797116,1124.655024,1082.71,548.32754358,2.0,276.33658189614846,0.06953910886976414,3973.8297828015543,4250.166364697703,False,,atr_pct_rank_gt_80pct
BNBUSDT,P6_MOMENTUM_OR_BREAKOUT_TOP20,G3_STRICT_CONSENSUS,adaptive_3x_8x_v1,base,111,BNBUSDT_2025-10-26T09:15:00+00:00,2025-10-26 09:16:00+00:00,2025-10-26 16:45:00+00:00,1121.62428,1124.435068,1120.0,987.0293664,8.0,51.163326592064934,0.012037958564877018,4250.166364697703,4301.329691289768,False,,all_raise_conditions_met
BNBUSDT,P6_MOMENTUM_OR_BREAKOUT_TOP20,G3_STRICT_CONSENSUS,adaptive_3x_8x_v1,base,112,BNBUSDT_2025-10-27T11:30:00+00:00,2025-10-27 11:31:00+00:00,2025-10-27 14:23:00+00:00,1156.061166,1137.3108011953716,1136.78,583.81088883,2.0,-148.0609812725033,-0.034422141965152815,4301.329691289768,4153.268710017264,False,,atr_pct_rank_gt_80pct
BNBUSDT,P6_MOMENTUM_OR_BREAKOUT_TOP20,G3_STRICT_CONSENSUS,adaptive_3x_8x_v1,base,113,BNBUSDT_2025-11-10T00:30:00+00:00,2025-11-10 00:31:00+00:00,2025-11-10 08:00:00+00:00,1000.069974,1001.64963,999.86,671.7136658700001,3.0,7.211183820514412,0.0017362671004459128,4153.268710017264,4160.479893837779,False,,default_3x
BNBUSDT,P6_MOMENTUM_OR_BREAKOUT_TOP20,G3_STRICT_CONSENSUS,adaptive_3x_8x_v1,base,114,BNBUSDT_2025-11-24T17:15:00+00:00,2025-11-24 17:16:00+00:00,2025-11-25 00:00:00+00:00,850.159998,862.9073840000001,849.99,429.33079899,2.0,116.38198002392845,0.027973210541482378,4160.479893837779,4276.861873861707,False,,atr_pct_rank_gt_80pct
BNBUSDT,P6_MOMENTUM_OR_BREAKOUT_TOP20,G3_STRICT_CONSENSUS,adaptive_3x_8x_v1,base,115,BNBUSDT_2025-11-26T19:30:00+00:00,2025-11-26 19:31:00+00:00,2025-11-27 12:45:00+00:00,894.898944,885.552854,889.57,451.92396672,2.0,-97.84190604037083,-0.02287703202161786,4276.861873861707,4179.019967821336,False,,atr_pct_rank_gt_80pct
BNBUSDT,P6_MOMENTUM_OR_BREAKOUT_TOP20,G3_STRICT_CONSENSUS,adaptive_3x_8x_v1,base,116,BNBUSDT_2025-12-02T17:15:00+00:00,2025-12-02 17:16:00+00:00,2025-12-04 04:30:00+00:00,872.0743799999999,914.047154,871.9,440.39756189999997,2.0,393.7116966401001,0.09421148969655566,4179.019967821336,4572.731664461436,False,,atr_pct_rank_gt_80pct
BNBUSDT,P6_MOMENTUM_OR_BREAKOUT_TOP20,G3_STRICT_CONSENSUS,adaptive_3x_8x_v1,base,117,BNBUSDT_2025-12-13T15:00:00+00:00,2025-12-13 15:01:00+00:00,2025-12-14 05:00:00+00:00,893.118588,893.181328,889.84,785.9443574400001,8.0,-34.01332777484069,-0.007438295152804837,4572.731664461436,4538.718336686595,False,,all_raise_conditions_met
BNBUSDT,P6_MOMENTUM_OR_BREAKOUT_TOP20,G3_STRICT_CONSENSUS,adaptive_3x_8x_v1,base,118,BNBUSDT_2025-12-22T00:00:00+00:00,2025-12-22 00:01:00+00:00,2025-12-22 02:06:00+00:00,859.711908,852.6434880469714,851.16,756.54647904,8.0,-334.69366968167003,-0.07374189029892672,4538.718336686595,4204.024667004925,False,,all_raise_conditions_met
BNBUSDT,P6_MOMENTUM_OR_BREAKOUT_TOP20,G3_STRICT_CONSENSUS,adaptive_3x_8x_v1,base,119,BNBUSDT_2026-01-13T18:00:00+00:00,2026-01-13 18:01:00+00:00,2026-01-14 05:00:00+00:00,921.574278,943.341294,921.3500000000001,618.9907233900001,3.0,285.12838980670523,0.06782272046225632,4204.024667004925,4489.1530568116295,False,,default_3x
BNBUSDT,P6_MOMENTUM_OR_BREAKOUT_TOP20,G3_STRICT_CONSENSUS,adaptive_3x_8x_v1,base,120,BNBUSDT_2026-01-23T17:15:00+00:00,2026-01-23 17:16:00+00:00,2026-01-24 08:00:00+00:00,897.269418,891.661632,889.09,602.66595909,3.0,-97.59477496070686,-0.021740130872263563,4489.1530568116295,4391.558281850923,False,,default_3x
BNBUSDT,P6_MOMENTUM_OR_BREAKOUT_TOP20,G3_STRICT_CONSENSUS,adaptive_3x_8x_v1,base,121,BNBUSDT_2026-01-27T16:00:00+00:00,2026-01-27 16:01:00+00:00,2026-01-28 02:30:00+00:00,887.6775,894.8909860000001,885.2,781.1562,8.0,250.2198601224995,0.05697746541508692,4391.558281850923,4641.778141973422,False,,all_raise_conditions_met
BNBUSDT,P6_MOMENTUM_OR_BREAKOUT_TOP20,G3_STRICT_CONSENSUS,adaptive_3x_8x_v1,base,122,BNBUSDT_2026-03-02T14:30:00+00:00,2026-03-02 14:31:00+00:00,2026-03-02 20:00:00+00:00,622.9245599999999,633.4432860000001,622.8,418.3976628,3.0,221.10077996581614,0.04763277632045908,4641.778141973422,4862.878921939238,False,,default_3x
BNBUSDT,P6_MOMENTUM_OR_BREAKOUT_TOP20,G3_STRICT_CONSENSUS,adaptive_3x_8x_v1,base,123,BNBUSDT_2026-03-09T19:15:00+00:00,2026-03-09 19:16:00+00:00,2026-03-10 13:30:00+00:00,634.446864,642.77142,633.6,426.13681032000005,3.0,176.732667895637,0.03634321782068118,4862.878921939238,5039.611589834875,False,,default_3x
BNBUSDT,P6_MOMENTUM_OR_BREAKOUT_TOP20,G3_STRICT_CONSENSUS,adaptive_3x_8x_v1,base,124,BNBUSDT_2026-03-15T22:30:00+00:00,2026-03-15 22:31:00+00:00,2026-03-16 08:30:00+00:00,667.443462,674.645044,667.3,587.35024656,8.0,394.47684295555194,0.07827524719389677,5039.611589834875,5434.088432790427,False,,all_raise_conditions_met
BNBUSDT,P6_MOMENTUM_OR_BREAKOUT_TOP20,G3_STRICT_CONSENSUS,adaptive_3x_8x_v1,base,125,BNBUSDT_2026-04-04T19:00:00+00:00,2026-04-04 19:01:00+00:00,2026-04-05 00:45:00+00:00,593.6587079999999,592.521472,592.87,522.4196630399999,8.0,-126.70909886660377,-0.023317452491574218,5434.088432790427,5307.379333923823,False,,all_raise_conditions_met
BNBUSDT,P6_MOMENTUM_OR_BREAKOUT_TOP20,G3_STRICT_CONSENSUS,adaptive_3x_8x_v1,base,126,BNBUSDT_2026-04-05T23:00:00+00:00,2026-04-05 23:01:00+00:00,2026-04-06 17:00:00+00:00,597.7895339999999,603.6192520000001,597.18,526.05478992,8.0,371.3997275114455,0.0699779880321583,5307.379333923823,5678.779061435268,False,,all_raise_conditions_met
BNBUSDT,P6_MOMENTUM_OR_BREAKOUT_TOP20,G3_STRICT_CONSENSUS,adaptive_3x_8x_v1,base,127,BNBUSDT_2026-04-07T23:15:00+00:00,2026-04-07 23:16:00+00:00,2026-04-08 03:45:00+00:00,619.313838,613.647246,614.43,312.75348819000004,2.0,-115.2248782562765,-0.020290431624426376,5678.779061435268,5563.5541831789915,False,,atr_pct_rank_gt_80pct
BNBUSDT,P6_MOMENTUM_OR_BREAKOUT_TOP20,G3_STRICT_CONSENSUS,adaptive_3x_8x_v1,base,128,BNBUSDT_2026-04-13T22:00:00+00:00,2026-04-13 22:01:00+00:00,2026-04-14 18:45:00+00:00,608.7817319999999,614.22713,608.55,535.7279241599999,8.0,353.40914318831574,0.06352218951274403,5563.5541831789915,5916.963326367308,False,,all_raise_conditions_met
BNBUSDT,P6_MOMENTUM_OR_BREAKOUT_TOP20,G3_STRICT_CONSENSUS,adaptive_3x_8x_v1,base,129,BNBUSDT_2026-04-15T19:30:00+00:00,2026-04-15 19:31:00+00:00,2026-04-16 00:15:00+00:00,623.4346619999999,621.385698,621.82,548.6225025599999,8.0,-202.83021163252045,-0.03427944376952005,5916.963326367308,5714.133114734787,False,,all_raise_conditions_met
BNBUSDT,P6_MOMENTUM_OR_BREAKOUT_TOP20,G3_STRICT_CONSENSUS,adaptive_3x_8x_v1,base,130,BNBUSDT_2026-04-17T13:00:00+00:00,2026-04-17 13:01:00+00:00,2026-04-18 03:45:00+00:00,636.0271799999999,640.501874,635.74,559.7039183999999,8.0,275.7349922563306,0.04825491228849827,5714.133114734787,5989.868106991118,False,,all_raise_conditions_met
BNBUSDT,P6_MOMENTUM_OR_BREAKOUT_TOP20,G3_STRICT_CONSENSUS,adaptive_3x_8x_v1,base,131,BNBUSDT_2026-04-18T05:00:00+00:00,2026-04-18 05:01:00+00:00,2026-04-18 08:15:00+00:00,644.6989140000001,638.332308,640.45,567.3350443200001,8.0,-520.8970974335396,-0.08696303292981873,5989.868106991118,5468.971009557578,False,,all_raise_conditions_met
BNBUSDT,P6_MOMENTUM_OR_BREAKOUT_TOP20,G3_STRICT_CONSENSUS,adaptive_3x_8x_v1,base,132,BNBUSDT_2026-05-04T04:00:00+00:00,2026-05-04 04:01:00+00:00,2026-05-04 10:00:00+00:00,627.895554,623.355304,627.4,421.73651377,3.0,-134.98434308161836,-0.024681853834244066,5468.971009557578,5333.98666647596,False,,default_3x
BNBUSDT,P6_MOMENTUM_OR_BREAKOUT_TOP20,G3_STRICT_CONSENSUS,adaptive_3x_8x_v1,base,133,BNBUSDT_2026-05-09T01:30:00+00:00,2026-05-09 01:31:00+00:00,2026-05-09 06:30:00+00:00,653.240622,650.879798,651.28,329.88651411,2.0,-49.20295420261187,-0.009224423921389198,5333.98666647596,5284.783712273348,False,,drawdown_gt_10pct
BNBUSDT,P6_MOMENTUM_OR_BREAKOUT_TOP20,G3_STRICT_CONSENSUS,adaptive_3x_8x_v1,base,134,BNBUSDT_2026-05-10T22:15:00+00:00,2026-05-10 22:16:00+00:00,2026-05-11 03:00:00+00:00,655.6611059999999,651.4296879999999,654.27,331.10885852999996,2.0,-78.74792254496454,-0.014900878982441771,5284.783712273348,5206.035789728384,False,,drawdown_gt_10pct
BNBUSDT,P6_MOMENTUM_OR_BREAKOUT_TOP20,G3_STRICT_CONSENSUS,adaptive_3x_8x_v1,base,135,BNBUSDT_2026-05-11T22:45:00+00:00,2026-05-11 22:46:00+00:00,2026-05-12 06:45:00+00:00,664.6429019999999,660.297914,659.25,335.64466551,2.0,-78.44515486189313,-0.015068116707277934,5206.035789728384,5127.59063486649,False,,drawdown_gt_10pct
BNBUSDT,P6_MOMENTUM_OR_BREAKOUT_TOP20,G3_STRICT_CONSENSUS,adaptive_3x_8x_v1,base,136,BNBUSDT_2026-05-21T17:15:00+00:00,2026-05-21 17:16:00+00:00,2026-05-22 18:30:00+00:00,655.120998,655.198934,654.48,330.83610398999997,2.0,-9.035790980041153,-0.001762190397688879,5127.59063486649,5118.554843886449,False,,drawdown_gt_10pct
BNBUSDT,P6_MOMENTUM_OR_BREAKOUT_TOP20,G3_STRICT_CONSENSUS,adaptive_3x_8x_v1,base,137,BNBUSDT_2026-05-30T01:45:00+00:00,2026-05-30 01:46:00+00:00,2026-05-31 07:15:00+00:00,649.17981,724.485074,649.01,327.83580405,2.0,1176.6802614961512,0.22988525030684517,5118.554843886449,6295.2351053826005,False,,drawdown_gt_10pct
BNBUSDT,P6_MOMENTUM_OR_BREAKOUT_TOP20,G3_STRICT_CONSENSUS,adaptive_3x_8x_v1,base,138,BNBUSDT_2026-06-01T09:30:00+00:00,2026-06-01 09:31:00+00:00,2026-06-01 13:55:00+00:00,694.8089339999999,679.5272870703428,679.66,350.87851166999997,2.0,-289.36716300881636,-0.045966061340806705,6295.2351053826005,6005.867942373784,False,,atr_pct_rank_gt_80pct
BNBUSDT,P6_MOMENTUM_OR_BREAKOUT_TOP20,G3_STRICT_CONSENSUS,adaptive_3x_8x_v1,base,139,BNBUSDT_2026-06-07T22:00:00+00:00,2026-06-07 22:01:00+00:00,2026-06-08 04:15:00+00:00,594.528882,598.2103340000001,593.18,300.23708540999996,2.0,62.33035264953043,0.010378242286974882,6005.867942373784,6068.198295023314,False,,atr_pct_rank_gt_80pct
BNBUSDT,P6_MOMENTUM_OR_BREAKOUT_TOP20,G3_STRICT_CONSENSUS,adaptive_3x_8x_v1,base,140,BNBUSDT_2026-06-15T11:15:00+00:00,2026-06-15 11:16:00+00:00,2026-06-15 18:15:00+00:00,618.4236599999999,622.8754,618.24,544.2128207999999,8.0,300.73644540876194,0.04955942946943637,6068.198295023314,6368.934740432076,False,,all_raise_conditions_met
BNBUSDT,P6_MOMENTUM_OR_BREAKOUT_TOP20,G3_STRICT_CONSENSUS,adaptive_3x_8x_v1,base,141,BNBUSDT_2026-06-22T01:15:00+00:00,2026-06-22 01:16:00+00:00,2026-06-22 16:30:00+00:00,588.587694,593.321312,588.43,395.33473447000006,3.0,134.479638631196,0.021114934304079985,6368.934740432076,6503.4143790632725,False,,default_3x
